[printscreen1.JPG]
filters=radblur=1,0.671698,0.489066,0.578947,-0.976608;
moddate=693b4db93a0fce01
width=611
height=580
textactive=0
[printscreen2.JPG]
filters=radblur=1,0.476371,0.532803,0.754386,0.000000;
moddate=26b3b5663c0fce01
width=611
height=581
textactive=0
